my.point.lon=113.88308
my.point.lat=22.55329
